50
64 94 1 45 47 38 71 43 28 70 62 92 72 15 80 37 92 28 86 83 48 31 59 65 70 19 78 63 87 14 37 41 66 39 95 97 36 50 42 43 27 74 21 41 21 19 35 62 25 30
26 6 67 95 54 98 18 5 96 80 75 53 57 95 18 71 66 72 95 85 75 12 12 26 51 98 92 16 86 63 51 20 6 45 13 38 44 51 93 52 36 24 3 93 37 5 72 85 7 37
6 36 31 95 46 79 59 99 45 24 81 100 17 67 59 92 37 63 50 10 21 61 19 85 75 62 69 65 39 87 25 40 11 86 99 90 47 81 5 69 86 10 40 76 61 73 63 6 93 81
46 64 22 76 27 20 93 8 87 92 54 17 65 75 80 38 84 88 85 10 59 76 71 43 24 39 71 43 62 75 38 20 52 68 90 16 53 66 1 68 8 27 88 66 77 20 45 33 62 29
100 16 87 91 3 30 100 94 3 71 67 40 89 94 18 16 85 91 98 27 63 97 50 100 72 32 94 70 65 65 89 28 64 99 99 47 75 8 1 5 56 20 84 10 91 7 69 82 84 99
19 31 51 71 4 64 56 86 3 53 76 9 36 24 53 72 87 25 32 55 48 4 18 35 58 24 37 77 6 34 95 7 73 16 25 43 92 45 12 86 30 74 21 96 6 28 85 33 18 68
12 14 33 49 34 10 28 65 59 26 6 99 99 73 81 34 89 30 91 76 96 96 100 22 23 63 75 67 81 43 71 61 79 98 79 99 36 38 33 58 1 84 12 91 60 25 80 31 53 64
84 38 20 86 78 26 40 35 62 70 76 99 69 6 77 65 58 18 83 99 97 58 68 90 1 27 35 90 52 55 7 74 92 13 41 65 50 32 39 53 56 17 87 92 27 98 36 30 24 7
31 42 20 65 19 77 91 82 13 37 40 78 72 6 29 4 2 38 14 90 8 92 50 27 40 30 57 14 71 22 63 27 100 40 87 2 53 68 58 81 64 95 9 10 82 41 7 43 94 88
14 96 72 3 61 36 24 4 58 83 4 32 75 87 65 4 86 44 70 87 17 28 86 90 26 83 42 97 16 53 65 57 66 39 37 47 15 17 71 78 12 64 66 67 72 33 75 37 94 95
36 43 62 89 87 61 25 41 12 53 12 83 60 6 38 34 42 4 19 9 51 62 71 82 28 84 41 29 42 9 72 38 43 3 23 99 62 9 86 91 11 48 46 31 74 64 57 78 20 90
44 91 25 51 60 30 39 88 6 67 35 28 84 14 58 93 89 13 68 93 85 69 13 37 29 77 58 47 52 27 99 23 23 28 84 92 98 89 98 92 14 75 80 75 24 82 16 74 56 88
23 68 65 7 11 70 69 9 76 98 3 40 46 55 82 46 50 2 17 86 100 13 72 34 75 7 56 63 4 16 87 27 15 93 6 67 67 38 75 1 79 55 14 84 80 47 2 13 44 82
54 37 55 53 26 100 59 13 79 73 88 19 42 32 22 68 82 81 74 93 19 19 10 25 47 3 59 18 22 15 53 97 90 96 38 41 25 3 43 82 38 46 48 71 76 58 90 29 57 43
24 62 12 9 34 96 96 31 100 66 12 26 35 33 60 23 65 49 92 31 28 53 95 64 96 61 1 37 69 91 34 28 18 70 42 80 96 89 62 82 7 67 51 74 22 26 4 86 93 12
21 38 11 42 37 65 90 29 34 25 53 82 60 30 67 84 75 53 29 4 89 76 92 78 53 21 14 19 53 40 84 33 5 43 45 6 32 55 73 20 5 100 22 61 39 29 83 85 6 63
94 8 68 70 60 60 80 77 53 35 29 62 10 67 27 48 63 54 86 31 22 57 42 74 82 76 38 53 25 96 82 40 36 74 18 42 64 34 90 66 13 14 40 2 35 36 36 65 27 20
73 33 51 56 4 82 26 80 90 47 53 86 53 65 84 30 35 98 14 66 60 88 35 86 76 21 54 74 77 15 69 83 46 15 8 71 7 9 31 30 14 61 56 52 34 87 19 21 31 69
57 96 11 37 26 6 16 37 68 8 81 49 92 66 21 28 18 73 33 24 70 71 70 45 46 52 70 44 59 41 40 16 9 52 13 23 25 35 26 34 64 5 68 52 84 2 70 73 20 42
17 76 83 36 19 2 51 63 70 6 3 82 3 57 84 49 10 55 13 11 62 57 40 19 90 48 95 25 79 48 58 3 36 84 54 24 55 8 8 56 87 7 24 97 15 27 67 37 51 56
88 32 47 40 12 46 32 38 13 94 39 2 96 42 31 63 87 97 3 58 87 52 71 82 13 94 28 24 6 23 84 92 48 6 33 51 58 57 75 37 9 58 89 38 91 1 8 76 93 61
91 84 3 25 43 96 42 71 89 83 17 82 90 45 65 4 81 47 62 91 9 34 86 58 64 82 81 75 72 23 98 22 15 18 48 97 99 57 64 37 18 55 22 25 43 45 54 26 88 45
23 95 2 41 86 76 64 12 52 21 28 51 18 10 38 33 77 28 57 10 26 9 73 17 37 100 26 15 1 53 16 30 95 1 14 24 63 14 65 5 76 72 52 43 53 54 28 40 16 15
37 100 87 80 71 30 63 69 48 16 69 6 87 93 22 7 58 72 84 64 11 59 42 72 13 73 1 50 97 33 39 90 23 85 51 68 50 51 34 11 99 41 28 29 95 33 94 94 25 59
70 84 61 97 39 85 36 39 16 43 28 29 88 86 52 44 35 71 9 82 29 13 10 14 35 19 60 89 33 69 14 91 97 4 85 76 35 9 74 92 63 3 60 64 5 60 7 4 48 1
18 89 75 17 33 57 30 46 37 1 38 31 54 49 98 72 56 65 92 43 63 59 27 83 82 69 75 29 46 18 44 34 29 86 78 40 83 46 21 90 40 59 55 52 21 28 25 22 7 15
3 80 10 24 61 66 9 49 6 37 40 86 97 8 40 85 39 79 6 45 4 86 27 20 78 61 2 97 20 51 92 33 70 75 93 58 41 74 29 88 29 43 32 18 98 25 91 15 34 8
72 43 84 9 74 66 76 5 33 24 40 5 50 68 28 69 4 71 37 12 34 72 42 31 100 53 46 59 65 42 5 81 11 62 20 4 29 10 66 68 28 4 84 52 31 61 95 9 83 9
87 76 26 87 26 15 46 25 97 69 59 70 62 90 34 56 60 74 95 90 69 23 52 19 13 3 40 40 100 57 10 59 74 6 80 8 80 29 45 56 57 88 6 6 71 45 82 98 32 63
32 59 2 35 7 100 5 17 55 12 7 51 19 23 6 71 5 92 71 93 48 45 30 12 57 100 55 60 49 10 87 84 77 82 12 74 5 85 63 42 68 27 2 81 25 1 18 53 73 16
15 32 59 87 76 36 4 42 70 89 25 87 13 79 40 29 55 58 89 48 2 36 10 84 96 66 97 75 46 20 88 52 8 96 61 92 32 52 52 35 59 8 80 86 35 85 27 28 58 25
35 11 62 100 22 56 36 80 94 64 50 52 34 50 5 77 24 96 99 100 78 73 89 53 64 75 8 85 74 75 53 13 70 37 49 97 25 15 42 31 59 89 44 73 1 37 55 29 22 35
100 58 61 55 60 38 35 11 32 95 60 66 24 56 11 56 60 97 98 60 80 45 93 77 61 86 75 27 35 16 55 97 76 2 98 51 19 66 71 65 65 70 34 36 95 47 92 61 16 87
17 78 73 67 45 26 81 3 92 54 49 79 10 73 67 5 76 11 90 47 90 81 15 100 1 14 23 56 92 12 8 89 63 45 58 59 11 76 9 53 41 77 96 56 35 39 77 84 25 22
44 42 69 26 46 12 18 70 32 28 6 31 98 87 17 99 19 43 83 51 86 17 48 97 25 62 43 69 25 24 69 23 64 56 12 43 51 95 39 93 78 77 57 19 60 84 67 28 48 95
36 42 62 72 60 90 72 71 24 92 14 53 70 6 29 79 75 87 8 8 95 51 13 39 83 13 95 31 22 75 61 55 12 57 19 43 12 97 98 46 44 66 29 69 10 45 86 94 60 26
43 28 66 99 55 90 35 86 16 52 93 97 77 8 54 91 79 44 11 94 19 88 93 98 27 69 19 13 30 59 27 45 13 13 16 61 91 48 41 24 62 27 6 25 90 52 95 79 87 45
37 7 79 47 42 8 17 43 15 39 65 51 30 71 69 59 50 43 74 77 40 92 71 73 38 17 64 23 65 32 14 19 59 6 48 30 79 38 24 84 91 83 39 58 25 87 84 73 23 19
5 3 88 66 88 53 44 59 34 64 28 42 15 28 65 77 31 35 34 9 38 12 23 10 49 49 90 32 39 50 25 71 51 41 57 78 96 65 5 42 32 10 56 32 36 93 59 44 87 58
21 47 5 100 95 22 80 99 4 58 48 76 51 57 26 78 22 69 30 29 28 71 55 78 49 79 39 39 47 28 97 51 60 99 31 65 21 80 77 13 5 34 88 98 21 92 21 26 68 38
50 47 21 66 29 18 51 51 100 56 89 75 80 36 57 48 34 74 76 35 27 62 3 71 84 57 31 89 3 41 10 69 35 13 81 22 9 17 51 5 40 82 92 60 94 20 21 39 67 96
18 18 64 25 66 6 81 28 12 18 41 73 93 75 50 55 10 92 2 52 27 28 74 34 56 48 89 59 4 47 83 75 65 67 57 89 2 88 35 85 59 24 77 22 5 35 80 97 94 38
53 78 24 20 66 21 74 55 21 86 80 21 91 34 13 21 61 70 78 50 98 79 16 84 52 74 40 7 62 49 72 88 28 65 88 66 78 10 57 60 75 65 15 32 49 77 9 73 89 11
26 7 10 62 61 51 60 94 77 98 55 68 70 62 47 51 10 43 15 48 38 16 80 37 75 17 20 99 53 39 83 71 75 95 24 23 4 68 48 30 5 48 56 61 25 84 14 99 99 50
45 85 67 93 58 82 40 28 23 69 13 91 20 86 81 55 73 77 55 6 22 3 55 76 47 99 29 12 36 74 99 25 99 12 43 12 79 8 50 9 83 49 53 53 9 93 83 17 31 79
5 62 12 50 26 61 43 25 45 44 78 8 78 19 18 5 98 8 51 8 38 40 92 9 76 83 10 25 98 77 78 45 39 32 39 42 62 28 27 7 72 2 97 74 72 100 37 42 38 5
72 34 89 64 99 86 74 31 42 10 100 92 5 58 88 71 52 67 85 96 11 35 24 99 9 78 81 5 76 48 13 58 91 87 83 1 62 57 51 8 41 34 71 93 86 32 34 71 88 23
66 17 79 6 54 35 26 85 84 79 73 8 18 73 25 89 17 36 93 65 54 85 17 31 86 73 37 75 4 48 4 59 89 98 30 61 37 55 86 8 51 84 72 3 17 28 81 21 29 8
49 43 85 57 67 35 29 61 59 21 21 28 67 67 100 93 100 28 63 23 12 73 49 94 25 6 69 34 22 59 91 35 94 88 46 33 89 9 30 90 22 15 76 17 77 1 63 39 63 7
63 22 14 90 64 95 83 89 89 17 44 61 37 64 19 32 10 61 64 43 85 69 50 55 58 78 84 96 86 30 35 37 57 24 21 25 15 3 13 25 68 60 65 93 60 54 44 100 73 17
